owensDatum <- 3.142