y <- 17
y*32
