my_var <- 12345
